
 hororvert   = 0
 originLon   = -91.669951
 originLat   = 34.089041
 originDepth = 0.000000
 lengthLat   = 5.000000
 lengthLon   = 5.000000
 numLon      = 100.000000
 numLat      = 100.000000